{
 "cells": [
  {
   "cell_type": "code",
   "execution_count": 2,
   "metadata": {},
   "outputs": [],
   "source": [
    "import numpy as np"
   ]
  },
  {
   "cell_type": "code",
   "execution_count": 3,
   "metadata": {},
   "outputs": [
    {
     "data": {
      "text/plain": [
       "<function numpy.linalg.svd(a, full_matrices=True, compute_uv=True, hermitian=False)>"
      ]
     },
     "execution_count": 3,
     "metadata": {},
     "output_type": "execute_result"
    }
   ],
   "source": [
    "np.linalg.svd"
   ]
  },
  {
   "cell_type": "code",
   "execution_count": 4,
   "metadata": {},
   "outputs": [],
   "source": [
    "A = np.array([[1 ,1 ,0.41],\n",
    "             [-1,0,0.41],\n",
    "             [0,1,-0.41]])"
   ]
  },
  {
   "cell_type": "code",
   "execution_count": 5,
   "metadata": {},
   "outputs": [
    {
     "data": {
      "text/plain": [
       "(array([[-8.16496581e-01, -1.88904597e-16, -5.77350269e-01],\n",
       "        [ 4.08248290e-01, -7.07106781e-01, -5.77350269e-01],\n",
       "        [-4.08248290e-01, -7.07106781e-01,  5.77350269e-01]]),\n",
       " array([1.73205081, 1.        , 0.71014083]),\n",
       " array([[-7.07106781e-01, -7.07106781e-01,  5.55111512e-17],\n",
       "        [ 7.07106781e-01, -7.07106781e-01,  5.55111512e-17],\n",
       "        [-0.00000000e+00, -7.85046229e-17, -1.00000000e+00]]))"
      ]
     },
     "execution_count": 5,
     "metadata": {},
     "output_type": "execute_result"
    }
   ],
   "source": [
    "np.linalg.svd(A)"
   ]
  },
  {
   "cell_type": "code",
   "execution_count": 8,
   "metadata": {},
   "outputs": [],
   "source": [
    "def low_rank_approx(SVD=None, A=None, r=1):\n",
    "    \"\"\"\n",
    "    Computes an r-rank approximation of a matrix\n",
    "    given the component u, s, and v of it's SVD\n",
    "    Requires: numpy\n",
    "    \"\"\"\n",
    "    if not SVD:\n",
    "        SVD = np.linalg.svd(A, full_matrices=False)\n",
    "    u, s, v = SVD\n",
    "    Ar = np.zeros((len(u), len(v)))\n",
    "    for i in range(r):\n",
    "        Ar += s[i] * np.outer(u.T[i], v[i])\n",
    "    return Ar"
   ]
  },
  {
   "cell_type": "code",
   "execution_count": 9,
   "metadata": {},
   "outputs": [
    {
     "data": {
      "text/plain": [
       "array([[ 1.00000000e+00,  1.00000000e+00, -7.85046229e-17],\n",
       "       [-5.00000000e-01, -5.00000000e-01,  3.92523115e-17],\n",
       "       [ 5.00000000e-01,  5.00000000e-01, -3.92523115e-17]])"
      ]
     },
     "execution_count": 9,
     "metadata": {},
     "output_type": "execute_result"
    }
   ],
   "source": [
    "low_rank_approx(A=A)"
   ]
  },
  {
   "cell_type": "code",
   "execution_count": null,
   "metadata": {},
   "outputs": [],
   "source": []
  },
  {
   "cell_type": "code",
   "execution_count": null,
   "metadata": {},
   "outputs": [],
   "source": []
  },
  {
   "cell_type": "code",
   "execution_count": null,
   "metadata": {},
   "outputs": [],
   "source": []
  },
  {
   "cell_type": "code",
   "execution_count": 3,
   "metadata": {},
   "outputs": [],
   "source": [
    "A = np.array([[1,1],\n",
    "             [1,0],\n",
    "             [1,1]])"
   ]
  },
  {
   "cell_type": "code",
   "execution_count": 4,
   "metadata": {},
   "outputs": [],
   "source": [
    "u = np.array([[0.8880],\n",
    "             [0.3251],\n",
    "             [0.3251]])"
   ]
  },
  {
   "cell_type": "code",
   "execution_count": 6,
   "metadata": {},
   "outputs": [],
   "source": [
    "P = np.identity(3)-2*u.dot(u.T)"
   ]
  },
  {
   "cell_type": "code",
   "execution_count": 7,
   "metadata": {},
   "outputs": [
    {
     "data": {
      "text/plain": [
       "array([[-0.577088  , -0.5773776 , -0.5773776 ],\n",
       "       [-0.5773776 ,  0.78861998, -0.21138002],\n",
       "       [-0.5773776 , -0.21138002,  0.78861998]])"
      ]
     },
     "execution_count": 7,
     "metadata": {},
     "output_type": "execute_result"
    }
   ],
   "source": [
    "P"
   ]
  },
  {
   "cell_type": "code",
   "execution_count": 15,
   "metadata": {},
   "outputs": [],
   "source": [
    "P2 = np.array([[1  , 0 , 0 ],\n",
    "       [0 ,  -0.259, -0.966],\n",
    "       [0, -0.966,  0.2597]])"
   ]
  },
  {
   "cell_type": "code",
   "execution_count": 16,
   "metadata": {},
   "outputs": [
    {
     "data": {
      "text/plain": [
       "array([[-5.77088000e-01,  7.07287560e-01,  4.07801799e-01],\n",
       "       [-5.77377600e-01, -5.94755000e-05, -8.16702292e-01],\n",
       "       [-5.77377600e-01, -7.07059475e-01,  4.08997708e-01]])"
      ]
     },
     "execution_count": 16,
     "metadata": {},
     "output_type": "execute_result"
    }
   ],
   "source": [
    "P.T.dot(P2.T)"
   ]
  },
  {
   "cell_type": "code",
   "execution_count": 11,
   "metadata": {},
   "outputs": [],
   "source": [
    "u2 = np.array([[0.02761],\n",
    "             [0.2115]])"
   ]
  },
  {
   "cell_type": "code",
   "execution_count": 12,
   "metadata": {},
   "outputs": [],
   "source": [
    "P2 = np.identity(2)-2*u2.dot(u2.T)"
   ]
  },
  {
   "cell_type": "code",
   "execution_count": 13,
   "metadata": {},
   "outputs": [
    {
     "data": {
      "text/plain": [
       "array([[ 0.99847538, -0.01167903],\n",
       "       [-0.01167903,  0.9105355 ]])"
      ]
     },
     "execution_count": 13,
     "metadata": {},
     "output_type": "execute_result"
    }
   ],
   "source": [
    "P2"
   ]
  },
  {
   "cell_type": "code",
   "execution_count": 14,
   "metadata": {},
   "outputs": [
    {
     "ename": "ValueError",
     "evalue": "shapes (2,2) and (3,2) not aligned: 2 (dim 1) != 3 (dim 0)",
     "output_type": "error",
     "traceback": [
      "\u001b[1;31m---------------------------------------------------------------------------\u001b[0m",
      "\u001b[1;31mValueError\u001b[0m                                Traceback (most recent call last)",
      "\u001b[1;32m<ipython-input-14-6dcc39ed3b30>\u001b[0m in \u001b[0;36m<module>\u001b[1;34m\u001b[0m\n\u001b[1;32m----> 1\u001b[1;33m \u001b[0mA2\u001b[0m \u001b[1;33m=\u001b[0m \u001b[0mP2\u001b[0m\u001b[1;33m.\u001b[0m\u001b[0mdot\u001b[0m\u001b[1;33m(\u001b[0m\u001b[0mA1\u001b[0m\u001b[1;33m)\u001b[0m\u001b[1;33m\u001b[0m\u001b[1;33m\u001b[0m\u001b[0m\n\u001b[0m",
      "\u001b[1;31mValueError\u001b[0m: shapes (2,2) and (3,2) not aligned: 2 (dim 1) != 3 (dim 0)"
     ]
    }
   ],
   "source": [
    "A2 = P2.dot(A1)"
   ]
  },
  {
   "cell_type": "code",
   "execution_count": null,
   "metadata": {},
   "outputs": [],
   "source": []
  },
  {
   "cell_type": "code",
   "execution_count": 22,
   "metadata": {},
   "outputs": [],
   "source": [
    "R1 = np.array([[12/np.sqrt(180),6/np.sqrt(180),0],\n",
    "              [-6/np.sqrt(180),12/np.sqrt(180),0],\n",
    "                [0,0,1]])"
   ]
  },
  {
   "cell_type": "code",
   "execution_count": 23,
   "metadata": {},
   "outputs": [],
   "source": [
    "A1 = R1.dot(A)"
   ]
  },
  {
   "cell_type": "code",
   "execution_count": 24,
   "metadata": {},
   "outputs": [
    {
     "data": {
      "text/plain": [
       "array([[ 13.41640786,  29.06888371, -26.83281573],\n",
       "       [  0.        , 172.17723427, -62.60990337],\n",
       "       [ -4.        ,  24.        , -41.        ]])"
      ]
     },
     "execution_count": 24,
     "metadata": {},
     "output_type": "execute_result"
    }
   ],
   "source": [
    "A1"
   ]
  },
  {
   "cell_type": "code",
   "execution_count": 25,
   "metadata": {},
   "outputs": [],
   "source": [
    "R2 = np.array([[np.sqrt(180)/14,0,-2/7],\n",
    "              [0,1,0],\n",
    "                [2/7,0,np.sqrt(180)/14]])"
   ]
  },
  {
   "cell_type": "code",
   "execution_count": 26,
   "metadata": {},
   "outputs": [],
   "source": [
    "A2 = R2.dot(A1)"
   ]
  },
  {
   "cell_type": "code",
   "execution_count": 27,
   "metadata": {},
   "outputs": [
    {
     "data": {
      "text/plain": [
       "array([[ 14.        ,  21.        , -14.        ],\n",
       "       [  0.        , 172.17723427, -62.60990337],\n",
       "       [  0.        ,  31.30495168, -46.95742753]])"
      ]
     },
     "execution_count": 27,
     "metadata": {},
     "output_type": "execute_result"
    }
   ],
   "source": [
    "A2"
   ]
  },
  {
   "cell_type": "code",
   "execution_count": 28,
   "metadata": {},
   "outputs": [],
   "source": [
    "cos = 172.17723427 / (np.sqrt(31.30495168**2+172.17723427**2))\n",
    "sin = -31.3049516 / (np.sqrt(31.30495168**2+172.17723427**2))\n"
   ]
  },
  {
   "cell_type": "code",
   "execution_count": 33,
   "metadata": {},
   "outputs": [
    {
     "data": {
      "text/plain": [
       "0.17888543771266888"
      ]
     },
     "execution_count": 33,
     "metadata": {},
     "output_type": "execute_result"
    }
   ],
   "source": [
    "-sin"
   ]
  },
  {
   "cell_type": "code",
   "execution_count": 29,
   "metadata": {},
   "outputs": [],
   "source": [
    "R3 = np.array([[1,0,0],\n",
    "              [0,cos,-sin],\n",
    "                [0,sin,cos]])"
   ]
  },
  {
   "cell_type": "code",
   "execution_count": 30,
   "metadata": {},
   "outputs": [],
   "source": [
    "A3 = R3.dot(A2)"
   ]
  },
  {
   "cell_type": "code",
   "execution_count": 31,
   "metadata": {},
   "outputs": [
    {
     "data": {
      "text/plain": [
       "array([[ 1.40000000e+01,  2.10000000e+01, -1.40000000e+01],\n",
       "       [ 0.00000000e+00,  1.75000000e+02, -7.00000000e+01],\n",
       "       [ 0.00000000e+00,  8.40761582e-08, -3.50000000e+01]])"
      ]
     },
     "execution_count": 31,
     "metadata": {},
     "output_type": "execute_result"
    }
   ],
   "source": [
    "A3"
   ]
  },
  {
   "cell_type": "code",
   "execution_count": 34,
   "metadata": {},
   "outputs": [],
   "source": [
    "Q = R1.T.dot(R2.T).dot(R3.T)"
   ]
  },
  {
   "cell_type": "code",
   "execution_count": 35,
   "metadata": {},
   "outputs": [
    {
     "data": {
      "text/plain": [
       "array([[ 0.85714286, -0.39428571,  0.33142857],\n",
       "       [ 0.42857143,  0.90285714, -0.03428571],\n",
       "       [-0.28571429,  0.17142857,  0.94285714]])"
      ]
     },
     "execution_count": 35,
     "metadata": {},
     "output_type": "execute_result"
    }
   ],
   "source": [
    "Q"
   ]
  },
  {
   "cell_type": "code",
   "execution_count": 37,
   "metadata": {},
   "outputs": [],
   "source": [
    "Aa = Q.dot(A3)"
   ]
  },
  {
   "cell_type": "code",
   "execution_count": 38,
   "metadata": {},
   "outputs": [
    {
     "data": {
      "text/plain": [
       "array([[ 12.        , -50.99999999,   4.        ],\n",
       "       [  6.        , 166.99999997, -67.99999999],\n",
       "       [ -4.        ,  24.        , -40.99999999]])"
      ]
     },
     "execution_count": 38,
     "metadata": {},
     "output_type": "execute_result"
    }
   ],
   "source": [
    "Aa"
   ]
  },
  {
   "cell_type": "code",
   "execution_count": 39,
   "metadata": {},
   "outputs": [],
   "source": [
    "qq = Q"
   ]
  },
  {
   "cell_type": "code",
   "execution_count": 46,
   "metadata": {},
   "outputs": [],
   "source": [
    "qq[0,2] = -qq[0,2]"
   ]
  },
  {
   "cell_type": "code",
   "execution_count": 47,
   "metadata": {},
   "outputs": [
    {
     "data": {
      "text/plain": [
       "array([[ 0.85714286, -0.39428571, -0.33142857],\n",
       "       [ 0.42857143,  0.90285714,  0.03428571],\n",
       "       [-0.28571429,  0.17142857, -0.94285714]])"
      ]
     },
     "execution_count": 47,
     "metadata": {},
     "output_type": "execute_result"
    }
   ],
   "source": [
    "qq"
   ]
  },
  {
   "cell_type": "code",
   "execution_count": 51,
   "metadata": {},
   "outputs": [],
   "source": [
    "Rr = A3\n",
    "Rr[2,2] = -Rr[2,2]"
   ]
  },
  {
   "cell_type": "code",
   "execution_count": 52,
   "metadata": {},
   "outputs": [
    {
     "data": {
      "text/plain": [
       "array([[ 12.        , -51.00000004,   4.        ],\n",
       "       [  6.        , 166.99999998, -67.99999999],\n",
       "       [ -4.        ,  23.99999984, -40.99999999]])"
      ]
     },
     "execution_count": 52,
     "metadata": {},
     "output_type": "execute_result"
    }
   ],
   "source": [
    "qq.dot(Rr)"
   ]
  },
  {
   "cell_type": "code",
   "execution_count": null,
   "metadata": {},
   "outputs": [],
   "source": []
  },
  {
   "cell_type": "code",
   "execution_count": null,
   "metadata": {},
   "outputs": [],
   "source": []
  },
  {
   "cell_type": "code",
   "execution_count": null,
   "metadata": {},
   "outputs": [],
   "source": []
  },
  {
   "cell_type": "code",
   "execution_count": 17,
   "metadata": {},
   "outputs": [],
   "source": [
    "R1 = np.array([[0.8944,-0.4472],\n",
    "              [0.4472,0.8944]])"
   ]
  },
  {
   "cell_type": "code",
   "execution_count": 18,
   "metadata": {},
   "outputs": [],
   "source": [
    "A = np.array([[4,1],\n",
    "             [-2,-1]])"
   ]
  },
  {
   "cell_type": "code",
   "execution_count": 19,
   "metadata": {},
   "outputs": [
    {
     "data": {
      "text/plain": [
       "array([[ 4.472 ,  1.3416],\n",
       "       [ 0.    , -0.4472]])"
      ]
     },
     "execution_count": 19,
     "metadata": {},
     "output_type": "execute_result"
    }
   ],
   "source": [
    "R1.dot(A)"
   ]
  },
  {
   "cell_type": "code",
   "execution_count": 21,
   "metadata": {},
   "outputs": [
    {
     "data": {
      "text/plain": [
       "array([[2., 0.],\n",
       "       [0., 2.]])"
      ]
     },
     "execution_count": 21,
     "metadata": {},
     "output_type": "execute_result"
    }
   ],
   "source": [
    "np.identity(2)*2"
   ]
  },
  {
   "cell_type": "code",
   "execution_count": null,
   "metadata": {},
   "outputs": [],
   "source": []
  }
 ],
 "metadata": {
  "kernelspec": {
   "display_name": "Python 3",
   "language": "python",
   "name": "python3"
  },
  "language_info": {
   "codemirror_mode": {
    "name": "ipython",
    "version": 3
   },
   "file_extension": ".py",
   "mimetype": "text/x-python",
   "name": "python",
   "nbconvert_exporter": "python",
   "pygments_lexer": "ipython3",
   "version": "3.8.3"
  }
 },
 "nbformat": 4,
 "nbformat_minor": 4
}
